26.820000 29.712000 59
29.740000 30.032000 57
30.160000 30.864000 55
31.040000 31.408000 59
31.440000 32.752000 59
33.420000 33.776000 52
33.920000 34.544000 60
35.180000 35.344000 60
35.580000 36.272000 61
36.380000 36.752000 57
36.860000 38.224000 60
38.460000 38.608000 59
38.900000 40.400000 58
40.560000 41.168000 62
41.860000 42.224000 62
42.260000 42.672000 63
42.700000 43.728000 60
43.900000 44.176000 58
44.280000 44.912000 58
45.120000 45.584000 56
45.600000 46.064000 65
46.760000 47.024000 63
47.200000 49.616000 58
49.640000 52.400000 55
53.020000 53.232000 50
53.460000 54.416000 59
55.120000 56.304000 59
56.420000 56.688000 57
56.840000 57.200000 55
57.220000 57.340000 54
57.340000 58.672000 59
58.800000 59.568000 59
60.140000 61.168000 57
61.860000 62.224000 60
62.240000 62.928000 61
63.080000 63.472000 57
63.500000 63.792000 59
63.920000 65.392000 60
65.560000 66.352000 58
66.800000 66.960000 54
67.000000 67.260000 55
67.260000 68.720000 62
68.900000 69.296000 63
69.320000 70.000000 61
70.120000 70.320000 59
70.340000 70.540000 58
70.540000 70.992000 59
71.020000 71.312000 60
71.380000 72.144000 56
72.260000 72.976000 66
73.480000 73.904000 63
73.920000 74.256000 62
74.300000 75.120000 56
75.160000 77.104000 56
77.240000 79.696000 55
79.720000 80.112000 60
80.140000 80.528000 62
80.560000 80.912000 62
80.960000 81.712000 62
81.820000 81.968000 59
82.100000 82.512000 56
82.840000 82.960000 52
83.080000 83.280000 59
83.320000 83.600000 60
83.740000 83.856000 60
83.880000 84.272000 60
84.300000 84.400000 60
84.420000 84.656000 62
84.740000 85.136000 58
85.180000 85.296000 57
85.480000 85.904000 55
86.180000 86.288000 48
86.380000 86.640000 57
86.660000 87.536000 59
87.640000 87.888000 60
88.080000 88.336000 59
88.460000 88.816000 52
88.900000 89.456000 54
89.720000 90.064000 55
90.160000 90.576000 56
90.620000 91.344000 55
91.360000 91.800000 54
91.800000 92.048000 57
92.080000 92.624000 57
92.660000 92.752000 55
92.780000 92.944000 55
93.080000 93.456000 60
93.500000 93.936000 62
93.980000 95.120000 62
95.160000 95.376000 59
95.420000 95.504000 57
95.540000 95.792000 57
96.160000 96.272000 67
96.420000 96.560000 66
96.660000 96.880000 67
96.920000 97.008000 67
97.140000 97.328000 59
97.360000 97.616000 61
97.640000 97.744000 61
97.760000 97.936000 64
98.040000 98.256000 62
98.440000 99.216000 59
99.240000 99.480000 54
99.480000 99.664000 55
99.700000 99.888000 59
99.920000 101.008000 62
101.160000 101.392000 65
101.420000 101.520000 65
101.540000 101.680000 64
101.700000 101.840000 63
101.840000 102.000000 60
102.120000 102.256000 55
102.280000 102.640000 55
103.120000 103.664000 54
103.920000 106.640000 54
106.800000 107.120000 60
107.280000 108.016000 59
108.580000 109.296000 59
109.340000 110.640000 57
110.660000 110.832000 57
110.860000 111.020000 57
111.020000 111.280000 59
111.440000 112.016000 59
112.160000 113.360000 58
113.500000 113.904000 52
113.920000 114.544000 59
115.180000 115.440000 60
115.580000 116.208000 61
116.440000 116.816000 56
116.860000 117.264000 59
117.280000 118.192000 60
118.420000 118.640000 59
118.880000 119.952000 59
120.140000 120.464000 54
120.580000 121.776000 62
121.800000 122.608000 62
122.640000 123.856000 60
123.900000 124.080000 58
124.120000 124.400000 59
124.440000 124.656000 59
124.720000 125.008000 57
125.120000 125.392000 55
125.600000 125.904000 65
125.980000 126.256000 67
126.780000 127.184000 63
127.220000 127.504000 62
127.680000 127.952000 60
128.100000 128.464000 52
128.480000 128.624000 54
128.900000 129.392000 59
129.420000 129.720000 59
129.720000 130.256000 57
130.580000 130.680000 55
130.680000 130.960000 55
130.980000 131.140000 55
131.140000 131.344000 56
131.600000 132.976000 55
145.500000 146.064000 60
146.080000 146.192000 64
146.220000 146.576000 67
146.600000 147.504000 68
147.520000 147.620000 67
147.620000 147.824000 67
147.900000 148.272000 65
148.300000 148.784000 64
148.900000 149.264000 68
149.280000 149.424000 67
149.560000 149.904000 66
149.940000 150.512000 63
150.540000 150.896000 62
150.940000 151.088000 65
151.120000 151.344000 68
151.360000 151.984000 66
152.000000 152.912000 67
152.940000 153.880000 63
153.880000 154.256000 60
154.280000 154.736000 61
155.020000 155.216000 62
155.240000 155.440000 61
155.480000 155.580000 61
155.580000 156.208000 63
156.240000 156.560000 64
156.600000 156.816000 65
156.860000 156.944000 63
157.220000 157.424000 66
157.440000 157.552000 67
157.660000 157.744000 66
157.860000 158.096000 67
158.260000 158.704000 68
158.860000 159.280000 63
159.300000 159.400000 55
159.400000 159.568000 55
159.740000 160.080000 59
160.120000 160.560000 62
160.580000 160.944000 62
160.980000 161.296000 63
161.340000 161.712000 60
161.840000 162.064000 58
162.100000 162.896000 56
163.060000 163.280000 59
163.300000 163.600000 60
163.720000 164.176000 60
164.200000 164.304000 58
164.340000 164.432000 58
164.460000 164.656000 61
164.700000 164.848000 56
164.880000 165.296000 58
165.480000 165.904000 55
165.920000 166.200000 55
166.200000 166.608000 57
166.640000 166.992000 59
167.020000 167.600000 59
167.620000 167.888000 60
168.060000 168.272000 60
168.480000 168.816000 52
168.920000 169.040000 54
169.060000 169.392000 54
169.720000 170.544000 56
170.560000 172.016000 55
172.080000 172.176000 57
172.200000 172.400000 59
172.420000 172.656000 55
172.680000 173.456000 57
173.480000 173.840000 62
173.880000 174.320000 62
174.340000 175.056000 62
175.160000 175.344000 59
175.460000 175.888000 57
176.180000 176.304000 67
176.420000 176.656000 66
176.700000 176.912000 67
176.940000 177.220000 67
177.220000 177.520000 62
177.720000 177.808000 62
178.080000 178.288000 62
178.480000 181.456000 60
182.740000 182.864000 47
182.980000 184.720000 62
184.760000 185.584000 58
185.620000 186.000000 55
186.520000 187.056000 54
187.100000 187.280000 54
187.280000 189.936000 54
190.180000 191.120000 59
191.780000 192.208000 57
192.240000 193.072000 59
193.100000 193.360000 57
193.500000 197.136000 57
197.260000 197.808000 60
198.500000 198.704000 60
198.920000 200.176000 59
200.200000 200.464000 59
200.640000 203.472000 59
203.500000 204.400000 60
204.440000 204.624000 66
205.140000 205.328000 62
205.560000 206.384000 63
206.400000 206.928000 60
207.200000 207.504000 58
207.640000 207.920000 60
208.020000 208.272000 57
208.500000 208.752000 55
208.780000 208.880000 53
208.900000 209.424000 53
209.460000 209.968000 59
210.140000 210.384000 63
210.540000 211.152000 61
211.180000 211.664000 53
211.840000 212.816000 57
212.840000 213.080000 58
213.080000 213.776000 56
213.940000 215.216000 55
215.240000 215.440000 55
215.980000 216.208000 54
216.440000 217.200000 55
217.240000 217.904000 61
217.940000 218.480000 63
218.500000 218.864000 62
218.900000 219.184000 64
219.300000 219.472000 62
219.500000 219.700000 62
219.700000 220.080000 59
220.120000 220.432000 59
220.560000 221.360000 59
221.380000 222.096000 56
222.260000 222.928000 66
222.960000 223.440000 64
223.460000 224.272000 62
224.300000 224.464000 60
224.500000 224.688000 54
224.720000 225.552000 53
225.580000 226.224000 58
226.400000 226.768000 57
226.800000 227.120000 55
227.220000 229.392000 55
229.420000 230.032000 59
230.060000 230.160000 61
230.180000 230.320000 63
230.360000 230.512000 60
230.540000 230.832000 62
230.980000 231.152000 60
231.180000 231.480000 57
231.480000 231.792000 52
231.820000 232.944000 57
233.060000 233.840000 56
233.880000 236.208000 55
236.800000 237.200000 63
237.240000 237.680000 62
237.700000 241.488000 57
242.400000 245.040000 55
