26.379167 26.596908 50
26.800000 27.250000 60
27.250000 27.804199 59
28.469792 28.831250 59
28.831250 29.250000 60
29.250000 29.693848 59
29.719792 30.128158 57
30.150000 30.527083 55
30.543750 30.922949 57
30.947917 31.423958 59
31.439583 32.127083 60
32.139583 32.735417 59
33.409375 33.791667 52
33.909375 34.527083 60
35.079167 35.519792 60
35.539583 35.967708 62
35.979167 36.351042 60
36.369792 36.800000 57
36.809375 37.247917 59
37.259375 38.239583 60
38.450000 38.591667 59
38.889583 39.679167 59
40.200000 40.415625 55
40.569792 41.151042 62
41.850000 42.207292 62
42.219792 42.655208 64
42.679167 42.962500 62
43.050000 43.403190 60
43.459375 43.800033 59
43.825000 44.200033 59
44.269792 44.607292 60
44.668750 44.959375 57
45.109375 45.471875 55
45.500000 46.058333 66
46.750000 46.975000 64
47.189583 47.583333 62
47.589583 47.935417 60
48.043750 48.462565 52
48.500000 48.897917 54
48.929167 49.631250 59
49.693750 50.119792 57
50.119792 50.431250 55
50.559375 52.383333 55
53.000000 53.215625 50
53.439583 53.791667 60
53.819792 54.400000 59
55.139583 55.551042 59
55.569792 55.935417 60
55.950000 56.287500 59
56.384375 56.790658 57
56.829167 57.183333 55
57.209375 57.500000 57
57.575000 58.060449 59
58.087500 58.625033 60
58.779167 59.519792 59
60.125033 60.500033 52
60.579167 61.151042 60
61.779167 62.207292 60
62.229199 62.623991 62
62.650000 62.943750 60
63.000000 63.455241 57
63.479167 63.871875 59
63.889583 64.962533 60
65.125000 65.500000 59
65.559375 66.271875 59
66.779167 67.000000 55
67.229199 68.000033 62
68.375000 68.813542 62
68.859375 69.279167 64
69.300000 69.563574 62
69.706250 69.963574 60
70.125000 70.500000 59
70.500000 70.807324 59
70.912500 71.193750 60
71.379167 71.647917 57
71.819792 72.223958 55
72.229167 73.055208 66
73.375000 73.875000 64
73.919792 74.271875 62
74.318750 74.612500 60
74.750000 75.076042 52
75.125000 75.526042 54
75.579167 76.223958 59
76.379167 76.800000 57
76.829167 77.087533 55
77.209375 79.075065 55
79.250000 79.575033 55
79.709375 80.095833 60
80.119792 80.543750 62
80.550000 80.927083 62
81.000000 81.400000 64
81.400000 81.791667 60
81.800000 82.015625 59
82.019792 82.500065 57
82.825000 83.000000 52
83.059375 83.263542 59
83.279167 83.615625 60
83.739583 84.287500 60
84.300000 84.639583 62
84.650000 85.151074 59
85.159375 85.311458 57
85.479167 85.909408 55
86.179167 86.367708 48
86.379167 86.591667 57
86.619792 87.007292 59
87.219792 87.551042 59
87.619792 87.935417 60
88.059375 88.319824 60
88.459375 88.863542 52
88.879167 89.443750 54
89.719792 90.111458 55
90.125000 90.555208 57
90.589583 91.391667 55
91.800000 92.063542 57
92.069792 92.500033 59
92.625000 93.023958 55
93.029167 93.437500 59
93.437500 93.875000 62
93.912533 94.375000 62
94.375000 94.655208 64
94.750000 95.125000 60
95.129167 95.359375 59
95.375000 95.750000 57
96.150000 96.298991 67
96.389583 96.607292 66
96.629167 97.079199 67
97.250000 97.600033 62
97.670833 98.015658 64
98.029167 98.303125 62
98.443750 98.625000 60
98.625000 99.215755 59
99.418750 99.625000 55
99.689583 99.903125 60
99.919792 100.467708 62
100.500000 100.910417 62
100.918750 101.186458 64
101.422917 101.791667 64
101.875000 102.331250 55
102.375000 102.875000 55
103.069792 103.750033 54
103.900000 105.554199 55
106.250000 106.443750 50
106.750000 107.125000 60
107.269792 108.031250 59
108.400000 108.831250 59
108.875000 109.296875 60
109.319792 109.727083 59
109.739583 110.059375 57
110.125000 110.500065 55
110.559375 110.847917 57
110.925000 111.243783 59
111.375000 111.926042 60
112.125000 113.020898 59
113.479167 113.887500 52
113.900000 114.463542 60
115.159375 115.423958 60
115.559375 116.000000 62
116.000000 116.159375 60
116.379167 116.800000 57
116.819792 117.247917 59
117.250000 118.175000 60
118.400000 118.623958 59
118.879167 119.956283 59
120.119824 120.511491 55
120.539583 121.125000 62
121.789583 122.079167 62
122.250000 122.619792 64
122.619792 123.039583 62
123.059408 123.455241 60
123.479167 123.875000 59
123.925098 124.303223 59
124.375000 124.703158 60
124.719792 124.991667 57
125.119792 125.439583 55
125.500000 126.125000 66
126.750000 127.200000 64
127.229167 127.519792 62
127.625000 127.875065 60
128.050033 128.479167 52
128.479167 128.639583 54
128.879167 129.500033 59
129.750000 130.271908 57
130.579199 133.175033 55
145.489583 145.695833 59
145.875000 146.090625 62
146.206250 146.559375 67
146.625000 147.000000 69
147.125000 147.508333 71
147.625000 147.875000 67
147.875000 148.086458 67
148.279167 148.863542 64
148.875000 149.264583 69
149.279167 149.439583 67
149.509375 149.919792 66
149.929167 150.239583 64
150.456250 150.830306 62
150.875000 151.338542 69
151.369792 151.743750 66
151.769792 152.895833 67
153.875000 154.255208 60
154.331250 154.559408 59
154.581250 154.917741 62
154.969792 155.231250 62
155.625000 156.000000 64
156.000000 156.200000 62
156.250000 156.605208 66
156.625000 157.027083 66
157.250000 157.543750 67
157.639583 157.823958 66
157.850000 158.111458 67
158.250000 158.675033 69
158.793750 159.037533 69
159.206250 159.625000 55
159.729167 160.095833 59
160.109375 160.543750 62
160.559375 160.959375 62
160.979167 161.375000 64
161.412500 161.783333 60
161.819792 162.079199 59
162.089583 162.575033 57
162.750000 162.943783 52
163.050000 163.263542 59
163.279167 163.615625 60
163.619792 164.159375 60
164.250000 164.613542 62
164.750000 165.041667 59
165.159375 165.311458 57
165.415625 166.125000 55
166.187500 166.375000 52
166.414583 166.559375 57
166.625000 167.007324 59
167.019792 167.583333 59
167.609375 167.935417 60
168.050000 168.319792 60
168.459375 168.863542 52
168.889583 169.560417 54
169.700000 170.047917 55
170.075000 170.500033 57
170.539583 171.537533 55
171.789583 172.000000 57
172.000000 172.312500 59
172.500000 172.944857 55
173.029167 173.439583 59
173.459375 173.855208 62
173.859375 174.303125 62
174.309375 174.719792 64
174.739583 175.135417 60
175.150000 175.359375 59
175.359375 175.943750 57
176.159375 176.287500 67
176.400000 176.671875 66
176.679167 176.927083 67
177.200000 177.600000 62
177.625000 178.047949 64
178.059375 178.340658 62
178.456250 178.675033 60
178.700000 181.439616 59
182.750000 182.918848 50
183.000000 183.219792 59
183.219792 183.875000 62
183.931250 184.373991 62
184.375000 184.750000 64
184.750000 185.119792 64
185.162500 185.618783 55
185.625000 186.300065 55
186.431250 187.071875 54
187.269792 189.000033 55
189.739583 189.887500 50
190.169792 190.623958 60
190.639583 191.231250 59
191.750000 192.130208 59
192.189583 192.639583 60
192.659375 193.023958 59
193.039583 193.406283 57
193.500000 193.833366 55
193.875000 194.250000 57
194.287500 194.625000 59
194.750000 195.250000 60
195.375000 195.875033 59
196.889583 197.247917 52
197.259375 197.791699 60
198.500000 198.811458 60
198.875000 199.337565 62
199.350000 199.615625 60
199.750000 200.159440 57
200.189583 200.479167 59
200.619792 201.567708 60
201.750000 202.188607 59
202.206250 202.907422 59
203.419792 203.839583 55
203.869792 204.578158 62
205.129167 205.425000 62
205.559375 205.967708 64
206.009375 206.375000 62
206.375000 206.719792 60
206.750000 207.043750 59
207.175000 207.455241 59
207.557292 207.903158 60
208.000000 208.317741 57
208.425000 208.863574 55
208.918750 209.750033 66
210.119792 210.456250 64
210.575000 210.875000 62
210.927083 211.200033 60
211.375000 211.687533 52
211.750000 212.081445 54
212.181250 212.875000 59
213.050000 213.471875 57
213.489583 213.727083 55
213.909375 215.432324 55
216.000000 216.264583 55
216.400000 216.767708 54
216.779167 217.119792 55
217.129167 218.125065 62
218.450000 218.847917 62
218.869792 219.200000 64
219.300000 219.625000 62
219.729167 220.095833 60
220.100000 220.415625 59
220.568750 220.950000 59
221.000000 221.354167 60
221.375000 221.835449 57
221.875000 222.191699 55
222.229167 223.125033 66
223.450000 223.743750 64
223.875000 224.272917 62
224.314583 224.541667 60
224.707324 225.023991 52
225.125000 225.535449 54
225.559375 226.207292 59
226.389583 226.783333 57
226.800000 227.200000 55
227.219792 229.303158 55
230.125000 230.445898 64
230.519792 230.975000 62
230.979167 231.231250 60
231.375000 231.840690 52
231.875000 232.095833 54
232.250000 233.023991 59
233.050000 233.439583 57
233.459375 233.855208 55
233.859375 236.000000 55
236.779167 237.215625 64
237.219792 237.600000 62
237.619792 238.015625 60
238.029167 238.431250 52
238.459375 238.783333 54
238.875000 242.000000 59
242.375065 243.239583 57
243.239583 245.023958 55
